image: /home/csunix/el17sm/Documents/Comp3631/catkin_ws/src/lab4/map/mymap.pgm
resolution: 0.050000
origin: [-13.800000, -13.800000, 0.000000]
negate: 0
occupied_thresh: 0.65
free_thresh: 0.196

